179 8 148 3.332804
238 236 27 3.209418
228 143 15 3.189007
43 142 28 3.121289
42 110 238 3.120861
230 200 165 3.095751
2 145 250 3.151323
67 36 34 3.209898
210 111 204 3.125708
108 150 224 3.105559
242 86 4 3.128954
130 235 116 3.096843
51 20 8 3.118741
115 244 103 3.091322
164 56 164 3.090778
160 176 174 3.099059
110 254 13 3.090377
32 140 142 3.119070
78 93 8 3.073332
63 187 242 3.099140
198 3 86 3.270621
154 12 6 3.132097
75 67 185 3.087281
59 177 152 3.097902
163 25 31 3.104804
195 241 177 3.102250
135 252 54 3.092059
209 3 58 3.266275
141 176 234 3.097876
57 167 36 3.097427
227 21 176 3.100641
156 51 236 3.092106
109 158 251 3.109003
232 74 136 3.124613
94 163 117 3.094600
162 28 3 3.103783
14 102 28 3.139471
97 117 124 3.113581
214 20 140 3.101914
145 230 192 3.094872
183 162 66 3.094187
168 98 237 3.112364
108 32 58 3.094855
60 146 57 3.103799
124 87 210 3.076906
144 165 227 3.108295
145 213 63 3.086800
42 214 2 3.108838
150 13 149 3.129648
217 50 136 3.087103
157 182 248 3.101280
104 10 127 3.114145
91 185 166 3.104447
52 222 221 3.102304
159 106 47 3.098337
148 101 111 3.108847
91 76 236 3.145047
98 27 73 3.168363
256 8 127 3.180052
174 98 82 3.149125
111 234 110 3.168361
220 116 121 3.119970
131 239 217 3.166063
115 113 113 3.142419
247 230 225 3.122246
142 227 16 3.092997
101 239 73 3.122261
101 203 223 3.121520
234 13 194 3.280131
234 174 110 3.162523
103 204 65 3.167449
57 160 10 3.112057
99 45 74 3.107780
114 76 247 3.161947
195 84 2 3.110239
116 175 47 3.107180
87 232 152 3.117211
201 212 20 3.120511
81 226 142 3.093271
170 101 233 3.123359
67 143 46 3.133335
92 129 125 3.135526
175 39 11 3.185928
93 43 189 3.100778
245 15 59 3.150235
146 168 94 3.105961
50 3 182 3.314537
149 76 188 3.145577
224 240 209 3.112967
167 140 128 3.107992
69 57 245 3.102279
6 112 156 3.141253
204 87 141 3.129087
199 163 248 3.118714
182 81 185 3.141586
40 182 203 3.131866
221 199 46 3.086507
48 53 147 3.087873
225 120 187 3.107507
151 38 186 3.190706
9 102 228 3.142791
2 28 216 3.149042
92 9 214 3.136386
215 107 2 3.144333
99 160 248 3.101762
218 166 162 3.101515
232 135 198 3.105697
168 192 237 3.095556
120 121 125 3.111624
170 231 235 3.092484
224 61 184 3.085408
125 208 18 3.084466
154 154 164 3.111630
24 166 170 3.114058
152 126 57 3.137713
214 168 104 3.131513
116 67 133 3.086912
99 160 21 3.113253
34 202 9 3.109857
173 48 148 3.071316
58 73 56 3.211716
65 142 238 3.153732
221 117 51 3.182765
177 48 21 3.121103
177 32 15 3.164835
160 45 88 3.108307
83 84 177 3.212391
119 115 248 3.136500
76 14 81 3.130195
253 157 247 3.118168
61 121 232 3.126234
38 208 222 3.099330
178 202 33 3.102382
249 248 69 3.105553
142 61 243 3.100079
206 147 122 3.127730
85 67 253 3.120144
193 112 39 3.125907
20 192 13 3.112104
150 230 123 3.091115
25 163 101 3.153239
172 59 127 3.083677
254 230 156 3.116114
250 229 167 3.098620
187 105 101 3.109733
61 60 54 3.130378
190 60 2 3.139921
15 232 53 3.106329
33 149 115 3.131667
222 103 32 3.115395
124 120 100 3.121273
37 105 178 3.120046
198 197 102 3.091548
122 155 134 3.108991
93 218 255 3.106165
113 64 204 3.075987
110 144 234 3.113092
154 233 249 3.094414
127 179 87 3.129219
90 9 220 3.162416
247 196 156 3.128143
113 101 89 3.130729
232 186 126 3.100732
90 217 30 3.085399
25 231 130 3.124834
147 218 31 3.089580
77 32 55 3.120225
168 238 177 3.113568
87 197 232 3.107124
198 230 125 3.092790
3 47 221 3.125721
107 202 204 3.106326
255 219 183 3.097461
65 97 171 3.124189
93 34 148 3.161680
127 17 142 3.347977
189 109 131 3.117196
91 141 9 3.103289
67 103 39 3.128446
149 41 125 3.092678
7 135 160 3.144185
29 95 126 3.146690
154 211 188 3.091559
220 26 235 3.125766
40 212 59 3.108355
218 235 112 3.089027
111 197 85 3.100150
10 15 14 3.178169
125 199 140 3.102385
256 16 32 3.107547
66 217 217 3.125960
180 236 146 3.142671
250 96 4 3.181276
162 8 219 3.220315
23 178 76 3.106895
145 42 106 3.087809
176 200 177 3.100221
84 252 154 3.105475
4 166 102 3.149340
174 36 215 3.222464
66 112 11 3.124215
53 162 49 3.119560
199 221 244 3.112527
29 150 126 3.177363
209 66 186 3.145364
214 118 231 3.136122
42 114 166 3.163654
77 34 129 3.278807
238 167 147 3.139823
95 43 130 3.114540
212 64 81 3.108502
138 178 61 3.113300
80 63 143 3.116878
192 233 133 3.156625
247 105 256 3.134761
116 98 211 3.125821
26 165 109 3.112063
48 192 239 3.162608
63 33 99 3.088734
197 178 84 3.108551
173 217 155 3.121067
183 43 110 3.090003
209 2 60 3.457752
199 38 244 3.198003
133 71 59 3.085189
128 32 146 3.171545
191 229 64 3.099954
207 164 115 3.129206
101 247 16 3.238374
164 29 149 3.144076
72 46 194 3.139585
30 104 94 3.182141
240 157 38 3.185765
93 212 160 3.164755
151 225 156 3.106679
133 137 135 3.108693
29 168 85 3.181671
155 191 227 3.167924
233 134 253 3.155983
66 111 227 3.201752
115 238 119 3.096301
90 114 121 3.131379
116 139 40 3.098060
88 178 84 3.094629
246 54 50 3.082754
224 204 248 3.093596
197 233 57 3.109382
81 236 214 3.134223
108 170 99 3.094186
162 59 54 3.062755
85 138 184 3.132675
121 140 23 3.042600
57 146 49 3.079746
41 198 77 3.059352
144 168 29 3.037927
78 139 42 3.047655
251 92 155 3.033325
150 29 171 3.030899
11 222 167 3.158369
87 255 72 3.042846
90 27 83 3.048374
201 93 78 3.030285
149 122 213 3.067436
55 178 76 3.050793
180 80 38 3.077317
124 252 151 3.054485
78 250 180 3.045146
118 31 49 3.151952
233 128 45 3.070561
182 195 216 3.039674
3 57 82 3.067151
166 113 204 3.058485
10 83 242 3.084201
140 149 106 3.068104
256 172 157 3.053882
93 186 228 3.051064
10 49 93 3.047685
203 170 197 3.047767
129 197 166 3.033204
54 6 134 3.099937
3 120 245 3.067871
115 7 229 3.114134
95 156 68 3.075957
107 110 179 3.054058
7 130 210 3.077038
31 208 132 3.052512
70 30 77 3.042384
107 254 76 3.051927
153 249 247 3.044005
223 40 210 3.145748
56 4 179 3.214278
112 156 251 3.068387
51 178 171 3.045204
49 32 110 3.031833
230 216 107 3.031745
233 208 129 3.040258
54 196 133 3.061514
141 117 76 3.053020
81 42 234 3.035494
247 240 68 3.036630
202 109 211 3.058440
53 120 24 3.057774
98 32 99 3.027677
226 14 82 3.059403
90 243 142 3.040687
159 91 15 3.021975
172 251 15 3.047319
250 152 112 3.044632
96 110 117 3.055223
103 176 74 3.043368
52 150 101 3.060704
157 70 51 3.017035
223 220 175 3.045301
68 236 220 3.043426
28 38 60 3.145845
69 6 50 3.112142
140 36 250 3.155933
134 12 223 3.060125
188 98 137 3.053602
135 8 76 3.071900
178 29 104 3.047228
255 26 205 3.045239
61 77 18 3.086450
246 176 135 3.044214
184 69 69 3.024656
115 97 130 3.058522
51 136 78 3.060031
228 43 171 3.251421
9 70 151 3.195788
182 155 127 3.236170
82 161 106 3.174175
59 133 140 3.261752
23 94 23 3.212257
92 41 221 3.291055
199 194 88 3.714277
159 90 110 3.321983
213 22 161 3.304513
246 98 62 3.327436
154 92 124 3.298233
193 18 35 3.466779
176 209 253 3.239779
22 119 230 3.271321
75 197 40 3.365483
112 135 245 3.266484
166 233 4 3.268487
175 222 118 3.236199
74 184 221 3.246421
214 246 226 3.263864
152 159 201 3.194967
194 145 114 3.323395
20 146 40 3.223759
200 114 134 3.189099
99 236 187 3.165929
195 119 202 3.231739
166 189 115 3.260703
75 149 190 3.300941
15 45 131 3.258444
157 85 41 3.213579
221 64 176 3.274403
249 8 181 3.312649
132 83 129 3.119089
120 234 93 3.065672
175 224 210 3.046025
37 134 208 3.062057
248 144 188 3.056305
233 119 207 3.090294
4 87 30 3.086743
7 240 109 3.051828
116 116 226 3.054506
178 70 192 3.084686
19 227 175 3.050426
55 30 92 3.044247
183 215 18 3.051303
175 249 17 3.036764
104 126 7 3.076725
118 95 211 3.077447
230 209 14 3.037473
189 29 126 3.045012
142 74 229 3.078348
112 175 97 3.048466
40 118 85 3.053009
125 20 218 3.043817
19 205 89 3.057336
134 85 184 3.070500
81 197 215 3.051740
124 175 50 3.043421
157 251 79 3.029996
6 41 65 3.041131
3 10 135 3.113151
145 240 79 3.034374
23 43 42 3.051587
180 221 146 3.039364
17 195 210 3.053437
181 241 51 3.045423
213 256 133 3.041449
209 85 131 3.060064
153 162 149 3.047933
50 59 195 3.027040
62 77 251 3.073284
108 242 248 3.052464
173 29 41 3.024000
193 100 235 3.075593
125 66 117 3.031002
216 99 142 3.077247
211 11 250 3.082285
170 130 181 3.061536
181 194 92 3.107985
49 81 28 3.076300
102 129 166 3.057448
173 91 254 3.027850
155 24 103 3.044599
86 247 74 3.026893
211 146 63 3.036029
103 9 84 3.086436
111 127 56 3.068043
65 216 65 3.038821
180 155 101 3.046216
111 17 110 3.046964
219 221 50 3.033868
112 97 83 3.074201
42 184 44 3.046357
41 165 170 3.043000
223 45 174 3.029949
249 165 102 3.041371
98 153 120 3.044953
245 20 137 3.045858
105 91 245 3.016405
102 160 253 3.047543
165 185 205 3.053511
44 75 189 3.082672
15 182 22 3.045786
229 36 110 3.191976
186 20 252 3.045291
80 234 7 3.034118
150 132 22 3.044839
221 219 26 3.033293
213 155 141 3.053023
59 36 19 3.142077
50 204 193 3.042463
225 95 246 3.069534
239 49 72 3.021763
166 124 195 3.047129
156 94 86 3.066390
165 178 120 3.034012
112 34 186 3.043024
249 213 160 3.040043
144 203 48 3.036003
224 41 135 3.027796
232 154 20 3.046964
159 157 18 3.033946
80 239 119 3.047340
27 236 62 3.044530
4 8 242 3.126845
242 145 94 3.045763
5 246 220 3.046374
71 219 71 3.034167
200 11 221 3.090309
37 38 104 3.147060
10 102 117 3.075510
193 134 208 3.064789
6 194 19 3.062349
191 35 68 3.039067
35 18 2 3.077780
124 18 74 3.056174
105 247 177 3.041853
64 153 201 3.053860
174 8 14 3.103738
226 10 172 3.074104
81 226 167 3.053256
134 177 117 3.038117
120 237 92 3.033127
20 204 48 3.054944
232 251 196 3.044817
115 44 88 3.039754
219 211 68 3.048958
56 81 134 3.136063
130 56 39 3.022151
24 118 14 3.072510
82 191 36 3.038336
186 76 231 3.076971
128 246 2 3.035144
212 96 158 3.064905
84 38 143 3.147762
223 204 118 3.042360
205 256 139 3.064086
81 222 177 3.048150
152 222 192 3.036592
39 224 251 3.042027
67 16 177 3.061715
208 176 72 3.039119
111 80 224 3.074078
166 191 242 3.054992
57 214 217 3.037091
68 236 95 3.041795
231 234 130 3.050813
51 166 170 3.050721
112 169 16 3.032142
220 175 184 3.071195
186 152 125 3.053916
68 218 227 3.047115
150 63 212 3.033520
88 8 7 3.072317
97 5 37 3.146070
104 48 16 3.023201
126 122 224 3.063008
137 40 176 3.139230
164 20 52 3.033558
210 79 50 3.083423
20 172 171 3.050000
229 109 104 3.053731
80 256 31 3.027990
255 175 158 3.078543
210 105 41 3.064916
154 12 52 3.048046
141 210 140 3.054059
153 231 205 3.047789
200 144 172 3.054138
205 14 145 3.116793
173 95 26 3.072355
200 155 197 3.055948
25 219 17 3.044933
185 116 32 3.054915
247 52 105 3.050899
39 182 134 3.048805
91 230 188 3.056750
240 168 61 3.038143
84 227 175 3.034831
13 107 7 3.060398
223 53 197 3.034102
98 247 111 3.026514
109 205 37 3.039429
97 220 230 3.053869
220 226 223 3.035615
13 109 199 3.061688
9 118 172 3.061717
114 99 245 3.056307
92 159 250 3.063476
16 176 127 3.067273
252 212 75 3.045931
178 244 136 3.039319
100 49 234 3.028762
190 87 184 3.066762
54 94 24 3.087274
154 222 199 3.071079
144 54 250 3.036229
216 202 185 3.043396
188 137 207 3.065622
174 169 155 3.058993
89 174 89 3.048792
74 111 228 3.054057
54 200 203 3.043012
256 64 200 3.033631
223 85 158 3.064538
194 102 92 3.072433
234 209 85 3.070030
77 139 176 3.058100
179 98 136 3.061328
103 206 54 3.048532
60 189 150 3.048487
8 201 223 3.043885
103 108 8 3.061215
42 255 219 3.060072
217 76 27 3.080365
96 145 175 3.061129
224 247 81 3.042929
245 214 147 3.049780
173 172 186 3.052408
155 253 53 3.029687
212 32 164 3.059035
120 63 219 3.016264
20 167 156 3.066847
146 110 112 3.066784
101 182 15 3.029708
212 113 226 3.049692
196 84 15 3.079162
180 81 112 3.069124
51 44 44 3.042498
30 256 40 3.046962
236 164 108 3.041209
149 103 231 3.060484
34 245 196 3.057565
204 233 124 3.078581
138 94 18 3.119855
195 112 143 3.059373
148 85 165 3.062851
246 179 57 3.038390
51 54 188 3.038004
10 219 88 3.076132
22 19 41 3.064287
68 64 20 3.035384
214 71 54 3.026822
21 118 67 3.062220
20 158 256 3.059105
236 189 114 3.041305
47 179 35 3.053583
247 190 73 3.043744
33 188 150 3.038207
236 204 169 3.058212
156 206 237 3.046874
12 80 126 3.084814
225 217 47 3.043144
256 155 19 3.125963
46 252 249 3.048315
15 86 205 3.120384
201 189 248 3.059380
221 253 15 3.029200
9 146 183 3.066761
187 72 147 3.037393
37 65 217 3.099251
80 207 4 3.043148
104 233 34 3.031913
198 205 189 3.072930
163 158 147 3.043851
223 111 120 3.059432
163 181 249 3.048624
70 14 2 3.095764
136 173 165 3.040644
96 70 51 3.033293
114 161 101 3.061615
222 161 247 3.056474
194 152 251 3.063765
149 73 174 3.101429
38 248 159 3.063757
212 80 107 3.093173
85 109 200 3.071459
62 252 43 3.044342
97 151 221 3.057649
116 40 132 3.131629
66 150 210 3.053335
199 189 237 3.047801
142 4 227 3.200475
10 60 96 3.050584
167 216 67 3.051001
63 97 146 3.049782
174 4 78 3.147256
254 121 166 3.058049
201 197 51 3.054114
164 26 246 3.052489
14 202 156 3.046911
207 117 10 3.124404
229 67 136 3.029902
74 244 135 3.048476
229 183 210 3.041514
166 32 160 3.019241
58 83 180 3.076518
41 144 114 3.066094
11 20 255 3.047823
53 42 17 3.052276
23 38 38 3.142388
155 177 202 3.043194
104 60 53 3.039822
115 5 60 3.126862
202 183 236 3.056053
29 7 121 3.081802
45 124 87 3.085149
246 18 194 3.046483
46 23 108 3.036274
252 182 129 3.034139
31 151 61 3.059228
62 253 168 3.043127
213 94 229 3.065267
21 132 20 3.050234
173 231 178 3.043607
189 69 55 3.025009
242 183 249 3.046713
21 50 19 3.036801
139 199 79 3.041961
156 124 46 3.050456
8 14 196 3.085176
129 67 240 3.025743
140 52 12 3.088855
12 4 193 3.217061
10 28 60 3.054800
55 193 244 3.048476
67 24 135 3.035456
195 188 53 3.038580
229 230 190 3.038493
194 244 47 3.024290
236 11 254 3.093650
32 177 196 3.052079
106 250 248 3.034021
116 82 100 3.077529
253 96 37 3.067678
42 47 119 3.032916
213 123 163 3.052643
143 153 83 3.050269
227 68 78 3.023943
169 128 206 3.064406
91 141 127 3.063843
27 178 229 3.055382
124 104 248 3.065351
137 256 252 3.036440
128 86 38 3.073511
102 166 21 3.045887
37 206 168 3.050543
107 110 44 3.062820
138 95 142 3.055320
163 101 18 3.132053
240 69 76 3.035957
184 245 172 3.038517
180 235 129 3.034385
190 228 95 3.049042
28 40 41 3.140423
186 46 75 3.038046
169 29 183 3.038332
76 98 240 3.076720
206 2 92 3.375707
112 108 61 3.047883
133 157 4 3.068596
221 175 81 3.044770
238 81 228 3.072228
86 95 248 3.070241
225 193 231 3.047387
37 69 211 3.021111
69 79 34 3.072785
40 161 28 3.054037
217 26 73 3.030541
104 163 79 3.042782
79 206 45 3.049124
143 172 242 3.049850
216 245 247 3.032580
13 153 15 3.055354
158 87 249 3.061352
180 244 8 3.029256
136 158 244 3.051628
135 200 121 3.040707
71 36 144 3.169175
189 171 83 3.045080
108 148 200 3.068230
76 193 130 3.042052
140 16 165 3.046082
240 89 226 3.023109
244 254 79 3.048154
187 147 117 3.053378
159 145 132 3.054187
205 149 60 3.059584
234 223 141 3.044403
46 151 143 3.041341
201 174 235 3.060629
226 23 139 3.031160
213 83 82 3.062969
231 130 132 3.060613
229 103 112 3.066865
101 97 202 3.070751
247 96 217 3.059315
22 205 100 3.055403
196 76 193 3.098818
252 81 166 3.082655
71 86 148 3.069279
216 31 145 3.157910
55 192 48 3.045480
227 184 54 3.040863
123 110 185 3.070019
254 105 25 3.040629
23 18 23 3.061337
13 256 202 3.059216
142 96 89 3.072420
230 179 68 3.037079
201 142 123 3.046490
45 123 212 3.050034
142 61 224 3.021356
98 57 78 3.035105
207 171 240 3.053227
162 124 44 3.040812
56 136 126 3.070693
86 209 103 3.045094
87 219 241 3.040910
147 107 200 3.050520
93 17 85 3.051731
228 168 234 3.059954
240 115 54 3.041948
109 212 66 3.035791
247 103 153 3.072138
129 210 20 3.033761
222 87 68 3.028076
60 180 171 3.049931
21 3 194 3.228251
110 90 130 3.020652
40 51 63 3.030475
156 254 146 3.031288
223 169 12 3.046473
141 233 11 3.031031
219 218 122 3.042275
169 196 204 3.034415
56 19 31 3.065472
200 16 126 3.054823
243 100 106 3.062946
198 202 174 3.053839
155 23 118 3.071403
223 76 107 3.076588
212 208 132 3.028651
245 18 66 3.041847
198 43 109 3.031585
158 20 208 3.048468
50 116 151 3.061589
26 141 10 3.060554
167 215 132 3.031324
12 45 229 3.035942
102 230 91 3.044542
202 215 133 3.049117
173 50 190 3.025270
51 130 105 3.064597
56 101 231 3.057996
134 96 172 3.068126
229 2 74 3.387625
44 246 218 3.044606
174 252 144 3.030205
175 32 46 3.033556
203 20 250 3.054561
192 18 231 3.053662
203 251 4 3.032222
51 154 142 3.053898
8 25 24 3.066717
190 12 115 3.039745
165 101 188 3.053032
180 112 108 3.071609
158 180 57 3.035757
78 178 187 3.045615
15 80 199 3.091505
171 93 165 3.023614
16 99 97 3.071379
139 205 165 3.048734
28 253 240 3.067950
29 16 47 3.041741
256 50 154 3.051534
149 192 22 3.036154
4 124 93 3.069437
56 136 88 3.062308
180 123 111 3.059906
221 246 168 3.045708
2 216 10 3.060926
110 242 210 3.059007
91 57 158 3.038822
7 149 233 3.066797
240 84 35 3.069550
152 178 119 3.034843
20 87 232 3.027931
127 256 70 3.022203
186 229 27 3.085164
12 151 183 3.054472
51 123 111 3.058762
137 88 254 3.033103
222 238 7 3.051859
137 61 252 3.035648
57 121 175 3.083712
97 215 137 3.044386
45 110 182 3.062761
211 98 185 3.067879
206 254 236 3.044442
196 210 114 3.037255
193 26 87 3.041577
64 156 178 3.055670
176 107 152 3.054823
120 212 200 3.048310
38 44 62 3.029275
119 54 221 3.036223
47 169 254 3.053075
213 36 133 3.142919
64 55 170 3.049215
157 130 24 3.055775
63 99 6 3.073842
7 3 154 3.285528
106 192 148 3.048421
42 41 16 3.025040
75 90 189 3.036665
43 213 215 3.041253
235 52 116 3.027873
174 196 39 3.052472
103 78 90 3.078268
76 250 185 3.045009
151 213 51 3.044752
74 100 4 3.080208
68 172 6 3.046420
111 98 118 3.074220
112 253 208 3.047280
103 75 163 3.078962
210 224 235 3.061082
86 19 224 3.059009
188 218 157 3.044510
37 149 137 3.065694
121 191 39 3.040598
99 128 196 3.084730
238 157 96 3.041740
212 238 199 3.056072
211 86 67 3.072060
177 248 120 3.026533
186 40 20 3.138598
84 75 159 3.074575
219 191 57 3.048220
231 19 13 3.080852
50 154 210 3.053068
153 143 88 3.063489
183 7 110 3.088457
210 82 255 3.075966
205 67 55 3.021831
64 23 236 3.074052
38 227 15 3.038489
62 212 5 3.037651
25 201 224 3.066502
79 72 205 3.039412
183 168 85 3.041902
163 78 176 3.077229
251 168 241 3.047927
135 18 233 3.052656
130 247 12 3.030275
171 211 150 3.052316
55 200 106 3.050643
23 146 188 3.062126
168 60 103 3.027346
240 226 69 3.041457
76 92 112 3.043775
114 76 184 3.087731
186 180 73 3.042850
100 193 174 3.046275
142 190 201 3.041875
147 222 221 3.047092
169 162 132 3.056058
223 53 22 3.049910
212 226 235 3.036788
156 251 104 3.047491
88 129 19 3.046091
144 155 136 3.058707
19 102 78 3.080001
126 236 181 3.053137
73 92 183 3.032961
96 98 123 3.068655
219 138 159 3.054534
184 163 250 3.037972
101 31 24 3.153533
98 232 63 3.035924
86 12 125 3.061331
234 135 201 3.063101
48 163 44 3.046948
81 121 14 3.057870
184 109 52 3.052889
6 112 154 3.065282
56 96 22 3.064515
165 102 229 3.060405
4 194 62 3.051883
158 136 173 3.063517
125 132 73 3.051792
256 156 140 3.040524
86 184 191 3.057512
81 155 202 3.042587
186 91 81 3.022281
250 76 24 3.177279
169 170 206 3.055201
213 25 166 3.041825
35 216 63 3.042386
114 169 43 3.043475
230 8 161 3.087340
9 104 10 3.137117
256 85 44 3.072014
153 141 165 3.048612
239 149 29 3.043526
110 187 157 3.045555
205 244 78 3.046348
109 52 157 3.027611
110 148 182 3.056971
86 217 116 3.049427
8 83 57 3.079146
79 189 115 3.041778
162 67 48 3.085842
78 122 96 3.051013
22 148 252 3.070142
188 142 146 3.080117
49 10 93 3.060450
18 251 137 3.041265
224 140 61 3.053647
41 202 94 3.044150
33 224 177 3.047573
250 18 79 3.044825
51 56 42 3.033972
179 184 30 3.044455
209 121 109 3.053309
130 223 9 3.030707
151 87 65 3.075413
210 32 146 3.037184
215 232 172 3.055005
137 140 57 3.042310
255 202 66 3.038520
57 4 10 3.147322
65 128 132 3.070290
213 108 107 3.056887
172 203 211 3.041035
22 256 84 3.042014
185 126 19 3.049934
138 145 184 3.049725
11 216 169 3.058744
164 130 223 3.062332
175 218 61 3.033775
22 177 104 3.047432
66 13 54 3.057775
218 168 165 3.050804
181 244 217 3.045985
142 209 97 3.037979
136 189 170 3.043975
240 33 45 3.019463
159 82 39 3.062834
11 204 206 3.050358
