2 2 2 4.141683
2 2 30 4.157526
2 2 58 4.277697
2 2 86 4.049001
2 2 114 3.924459
2 2 143 3.905186
2 2 171 3.832507
2 2 199 3.820886
2 2 227 3.858557
2 2 256 3.835430
2 30 2 3.159987
2 30 30 3.149592
2 30 58 3.157292
2 30 86 3.159466
2 30 114 3.150261
2 30 143 3.179710
2 30 171 3.136821
2 30 199 3.159382
2 30 227 3.160956
2 30 256 3.145679
2 58 2 3.160011
2 58 30 3.137830
2 58 58 3.129570
2 58 86 3.128229
2 58 114 3.157764
2 58 143 3.147286
2 58 171 3.142155
2 58 199 3.132849
2 58 227 3.132081
2 58 256 3.115411
2 86 2 3.160977
2 86 30 3.159564
2 86 58 3.186161
2 86 86 3.234343
2 86 114 3.190126
2 86 143 3.174551
2 86 171 3.199646
2 86 199 3.165042
2 86 227 3.227576
2 86 256 3.172825
2 114 2 3.214478
2 114 30 3.266914
2 114 58 3.216360
2 114 86 3.196293
2 114 114 3.256719
2 114 143 3.158876
2 114 171 3.190676
2 114 199 3.168715
2 114 227 3.172207
2 114 256 3.165397
2 143 2 3.205396
2 143 30 3.229348
2 143 58 3.237438
2 143 86 3.272069
2 143 114 3.245236
2 143 143 3.160981
2 143 171 3.154933
2 143 199 3.139097
2 143 227 3.151023
2 143 256 3.242356
2 171 2 3.179803
2 171 30 3.222766
2 171 58 3.221243
2 171 86 3.214506
2 171 114 3.216518
2 171 143 3.160488
2 171 171 3.139788
2 171 199 3.147721
2 171 227 3.156159
2 171 256 3.203358
2 199 2 3.177913
2 199 30 3.231873
2 199 58 3.246917
2 199 86 3.314782
2 199 114 3.312351
2 199 143 3.166813
2 199 171 3.210504
2 199 199 3.260839
2 199 227 3.138992
2 199 256 3.194663
2 227 2 3.157576
2 227 30 3.217954
2 227 58 3.202867
2 227 86 3.221922
2 227 114 3.191106
2 227 143 3.126218
2 227 171 3.134400
2 227 199 3.124324
2 227 227 3.131026
2 227 256 3.197119
2 256 2 3.159175
2 256 30 3.127610
2 256 58 3.134365
2 256 86 3.133697
2 256 114 3.193145
2 256 143 3.332515
2 256 171 3.181544
2 256 199 3.156832
2 256 227 3.146022
2 256 256 3.143392
30 2 2 3.721830
30 2 30 3.518863
30 2 58 3.502668
30 2 86 3.490176
30 2 114 3.491245
30 2 143 3.484726
30 2 171 3.468334
30 2 199 3.485419
30 2 227 3.512922
30 2 256 3.472013
30 30 2 3.133402
30 30 30 3.142537
30 30 58 3.133654
30 30 86 3.155408
30 30 114 3.127907
30 30 143 3.128501
30 30 171 3.129590
30 30 199 3.119147
30 30 227 3.124432
30 30 256 3.110644
30 58 2 3.117759
30 58 30 3.113130
30 58 58 3.110716
30 58 86 3.119610
30 58 114 3.114076
30 58 143 3.117344
30 58 171 3.121756
30 58 199 3.116388
30 58 227 3.169766
30 58 256 3.103298
30 86 2 3.163774
30 86 30 3.156247
30 86 58 3.138499
30 86 86 3.151190
30 86 114 3.154893
30 86 143 3.155892
30 86 171 3.204128
30 86 199 3.150047
30 86 227 3.170671
30 86 256 3.182081
30 114 2 3.162525
30 114 30 3.122903
30 114 58 3.134991
30 114 86 3.137885
30 114 114 3.140716
30 114 143 3.142431
30 114 171 3.127187
30 114 199 3.158052
30 114 227 3.136225
30 114 256 3.141815
30 143 2 3.135455
30 143 30 3.114399
30 143 58 3.129423
30 143 86 3.127709
30 143 114 3.117092
30 143 143 3.141820
30 143 171 3.130640
30 143 199 3.122789
30 143 227 3.145478
30 143 256 3.139351
30 171 2 3.131623
30 171 30 3.117458
30 171 58 3.117098
30 171 86 3.119559
30 171 114 3.133784
30 171 143 3.125701
30 171 171 3.116616
30 171 199 3.148607
30 171 227 3.112133
30 171 256 3.131565
30 199 2 3.120832
30 199 30 3.254170
30 199 58 3.168733
30 199 86 3.162610
30 199 114 3.125658
30 199 143 3.114124
30 199 171 3.110427
30 199 199 3.111062
30 199 227 3.116459
30 199 256 3.116355
30 227 2 3.117055
30 227 30 3.114628
30 227 58 3.100580
30 227 86 3.112795
30 227 114 3.158367
30 227 143 3.122383
30 227 171 3.102441
30 227 199 3.102705
30 227 227 3.094523
30 227 256 3.113481
30 256 2 3.110913
30 256 30 3.110277
30 256 58 3.087364
30 256 86 3.094482
30 256 114 3.103968
30 256 143 3.106491
30 256 171 3.149892
30 256 199 3.109056
30 256 227 3.095594
30 256 256 3.106872
58 2 2 3.697778
58 2 30 3.491862
58 2 58 3.447966
58 2 86 3.470065
58 2 114 3.450612
58 2 143 3.450276
58 2 171 3.431690
58 2 199 3.445828
58 2 227 3.447004
58 2 256 3.415232
58 30 2 3.113347
58 30 30 3.110399
58 30 58 3.110419
58 30 86 3.110483
58 30 114 3.104213
58 30 143 3.118049
58 30 171 3.104910
58 30 199 3.105703
58 30 227 3.105473
58 30 256 3.111373
58 58 2 3.093675
58 58 30 3.078262
58 58 58 3.095378
58 58 86 3.083272
58 58 114 3.083750
58 58 143 3.089336
58 58 171 3.089798
58 58 199 3.101954
58 58 227 3.093608
58 58 256 3.083395
58 86 2 3.150232
58 86 30 3.123380
58 86 58 3.125140
58 86 86 3.133661
58 86 114 3.151300
58 86 143 3.126163
58 86 171 3.144087
58 86 199 3.139560
58 86 227 3.132806
58 86 256 3.146994
58 114 2 3.135200
58 114 30 3.103053
58 114 58 3.121454
58 114 86 3.119103
58 114 114 3.128721
58 114 143 3.131587
58 114 171 3.129267
58 114 199 3.134629
58 114 227 3.127715
58 114 256 3.123658
58 143 2 3.128505
58 143 30 3.122692
58 143 58 3.104348
58 143 86 3.116322
58 143 114 3.112294
58 143 143 3.113552
58 143 171 3.116084
58 143 199 3.111606
58 143 227 3.109763
58 143 256 3.119105
58 171 2 3.117359
58 171 30 3.105466
58 171 58 3.095017
58 171 86 3.105327
58 171 114 3.179828
58 171 143 3.131250
58 171 171 3.113270
58 171 199 3.151095
58 171 227 3.105921
58 171 256 3.107102
58 199 2 3.094995
58 199 30 3.091332
58 199 58 3.091567
58 199 86 3.098199
58 199 114 3.082749
58 199 143 3.093087
58 199 171 3.117822
58 199 199 3.101802
58 199 227 3.103109
58 199 256 3.118414
58 227 2 3.096420
58 227 30 3.091462
58 227 58 3.093227
58 227 86 3.088984
58 227 114 3.091663
58 227 143 3.098947
58 227 171 3.105828
58 227 199 3.107751
58 227 227 3.089658
58 227 256 3.092572
58 256 2 3.101265
58 256 30 3.092330
58 256 58 3.086668
58 256 86 3.100686
58 256 114 3.090841
58 256 143 3.085238
58 256 171 3.100533
58 256 199 3.126007
58 256 227 3.116478
58 256 256 3.117595
86 2 2 3.754562
86 2 30 3.564298
86 2 58 3.511683
86 2 86 3.505466
86 2 114 3.490837
86 2 143 3.483527
86 2 171 3.500719
86 2 199 3.503182
86 2 227 3.476389
86 2 256 3.458801
86 30 2 3.118299
86 30 30 3.107344
86 30 58 3.102080
86 30 86 3.109910
86 30 114 3.109411
86 30 143 3.093710
86 30 171 3.108606
86 30 199 3.105375
86 30 227 3.097644
86 30 256 3.098617
86 58 2 3.084666
86 58 30 3.095881
86 58 58 3.080586
86 58 86 3.078726
86 58 114 3.092768
86 58 143 3.086978
86 58 171 3.089133
86 58 199 3.094377
86 58 227 3.081052
86 58 256 3.085236
86 86 2 3.138639
86 86 30 3.122626
86 86 58 3.116153
86 86 86 3.124399
86 86 114 3.128195
86 86 143 3.123476
86 86 171 3.116401
86 86 199 3.120767
86 86 227 3.148305
86 86 256 3.126293
86 114 2 3.130852
86 114 30 3.113845
86 114 58 3.105830
86 114 86 3.110551
86 114 114 3.166151
86 114 143 3.170364
86 114 171 3.118132
86 114 199 3.156694
86 114 227 3.217530
86 114 256 3.129307
86 143 2 3.139788
86 143 30 3.157739
86 143 58 3.166245
86 143 86 3.132383
86 143 114 3.202418
86 143 143 3.123247
86 143 171 3.142541
86 143 199 3.134146
86 143 227 3.122351
86 143 256 3.124664
86 171 2 3.119642
86 171 30 3.122549
86 171 58 3.107411
86 171 86 3.110838
86 171 114 3.110452
86 171 143 3.104053
86 171 171 3.111811
86 171 199 3.121758
86 171 227 3.108474
86 171 256 3.119938
86 199 2 3.119729
86 199 30 3.113128
86 199 58 3.119716
86 199 86 3.111232
86 199 114 3.130169
86 199 143 3.110138
86 199 171 3.108407
86 199 199 3.105944
86 199 227 3.105777
86 199 256 3.135715
86 227 2 3.115619
86 227 30 3.100848
86 227 58 3.107570
86 227 86 3.105957
86 227 114 3.099699
86 227 143 3.118905
86 227 171 3.101854
86 227 199 3.099603
86 227 227 3.121666
86 227 256 3.103374
86 256 2 3.098054
86 256 30 3.095172
86 256 58 3.112469
86 256 86 3.086959
86 256 114 3.114932
86 256 143 3.103026
86 256 171 3.112948
86 256 199 3.110245
86 256 227 3.099365
86 256 256 3.086875
114 2 2 3.663109
114 2 30 3.545402
114 2 58 3.477256
114 2 86 3.483277
114 2 114 3.469518
114 2 143 3.601492
114 2 171 3.544480
114 2 199 3.451366
114 2 227 3.425402
114 2 256 3.423098
114 30 2 3.129238
114 30 30 3.130035
114 30 58 3.105822
114 30 86 3.123199
114 30 114 3.139533
114 30 143 3.106016
114 30 171 3.114903
114 30 199 3.124245
114 30 227 3.125819
114 30 256 3.092115
114 58 2 3.108401
114 58 30 3.099476
114 58 58 3.086585
114 58 86 3.155374
114 58 114 3.103674
114 58 143 3.140852
114 58 171 3.172615
114 58 199 3.224878
114 58 227 3.142738
114 58 256 3.097299
114 86 2 3.143377
114 86 30 3.135164
114 86 58 3.117521
114 86 86 3.135072
114 86 114 3.127958
114 86 143 3.139135
114 86 171 3.135757
114 86 199 3.139615
114 86 227 3.135890
114 86 256 3.130301
114 114 2 3.132491
114 114 30 3.103288
114 114 58 3.107254
114 114 86 3.125169
114 114 114 3.121691
114 114 143 3.114783
114 114 171 3.126103
114 114 199 3.130140
114 114 227 3.128938
114 114 256 3.121876
114 143 2 3.114642
114 143 30 3.104035
114 143 58 3.122135
114 143 86 3.112251
114 143 114 3.195844
114 143 143 3.196651
114 143 171 3.132604
114 143 199 3.154903
114 143 227 3.135720
114 143 256 3.116631
114 171 2 3.122645
114 171 30 3.136870
114 171 58 3.106063
114 171 86 3.117639
114 171 114 3.108692
114 171 143 3.114395
114 171 171 3.103571
114 171 199 3.102103
114 171 227 3.107883
114 171 256 3.110276
114 199 2 3.105845
114 199 30 3.098995
114 199 58 3.160839
114 199 86 3.111693
114 199 114 3.101178
114 199 143 3.107960
114 199 171 3.112187
114 199 199 3.132856
114 199 227 3.101385
114 199 256 3.182506
114 227 2 3.133645
114 227 30 3.123170
114 227 58 3.113418
114 227 86 3.097475
114 227 114 3.100525
114 227 143 3.096969
114 227 171 3.119719
114 227 199 3.104769
114 227 227 3.131100
114 227 256 3.097451
114 256 2 3.090771
114 256 30 3.091884
114 256 58 3.091913
114 256 86 3.090774
114 256 114 3.092232
114 256 143 3.091094
114 256 171 3.093988
114 256 199 3.102183
114 256 227 3.098969
114 256 256 3.125239
143 2 2 3.661819
143 2 30 3.489277
143 2 58 3.457268
143 2 86 3.449537
143 2 114 3.452535
143 2 143 3.426304
143 2 171 3.421562
143 2 199 3.441167
143 2 227 3.424690
143 2 256 3.414937
143 30 2 3.191789
143 30 30 3.110850
143 30 58 3.104912
143 30 86 3.105578
143 30 114 3.103090
143 30 143 3.096811
143 30 171 3.104118
143 30 199 3.114938
143 30 227 3.117820
143 30 256 3.093101
143 58 2 3.098814
143 58 30 3.103925
143 58 58 3.103246
143 58 86 3.120734
143 58 114 3.102648
143 58 143 3.101632
143 58 171 3.107081
143 58 199 3.091450
143 58 227 3.098264
143 58 256 3.094545
143 86 2 3.105255
143 86 30 3.131661
143 86 58 3.120295
143 86 86 3.128413
143 86 114 3.130667
143 86 143 3.137147
143 86 171 3.131452
143 86 199 3.130421
143 86 227 3.130737
143 86 256 3.134844
143 114 2 3.134260
143 114 30 3.118875
143 114 58 3.135732
143 114 86 3.110666
143 114 114 3.121265
143 114 143 3.116354
143 114 171 3.120389
143 114 199 3.109614
143 114 227 3.130172
143 114 256 3.124641
143 143 2 3.114353
143 143 30 3.092492
143 143 58 3.106826
143 143 86 3.113768
143 143 114 3.107813
143 143 143 3.104514
143 143 171 3.106988
143 143 199 3.109433
143 143 227 3.109042
143 143 256 3.110370
143 171 2 3.108379
143 171 30 3.089082
143 171 58 3.096416
143 171 86 3.108979
143 171 114 3.103515
143 171 143 3.093640
143 171 171 3.102260
143 171 199 3.102628
143 171 227 3.105142
143 171 256 3.118303
143 199 2 3.128247
143 199 30 3.151417
143 199 58 3.162044
143 199 86 3.145149
143 199 114 3.123180
143 199 143 3.124272
143 199 171 3.120149
143 199 199 3.128572
143 199 227 3.110523
143 199 256 3.127456
143 227 2 3.110905
143 227 30 3.101412
143 227 58 3.105583
143 227 86 3.101769
143 227 114 3.128173
143 227 143 3.107818
143 227 171 3.098792
143 227 199 3.097399
143 227 227 3.097356
143 227 256 3.091615
143 256 2 3.086608
143 256 30 3.094183
143 256 58 3.096041
143 256 86 3.092522
143 256 114 3.116404
143 256 143 3.101675
143 256 171 3.093368
143 256 199 3.100935
143 256 227 3.092179
143 256 256 3.087706
171 2 2 3.876388
171 2 30 3.529129
171 2 58 3.481771
171 2 86 3.462465
171 2 114 3.450720
171 2 143 3.453224
171 2 171 3.463229
171 2 199 3.437806
171 2 227 3.454594
171 2 256 3.561413
171 30 2 3.277513
171 30 30 3.115019
171 30 58 3.108504
171 30 86 3.106753
171 30 114 3.099541
171 30 143 3.119209
171 30 171 3.207196
171 30 199 3.257935
171 30 227 3.342525
171 30 256 3.304342
171 58 2 4.603187
171 58 30 3.132151
171 58 58 3.103467
171 58 86 3.127810
171 58 114 3.129668
171 58 143 3.140387
171 58 171 3.095239
171 58 199 3.125069
171 58 227 3.099046
171 58 256 3.128735
171 86 2 3.115373
171 86 30 3.121546
171 86 58 3.136272
171 86 86 3.142620
171 86 114 3.180805
171 86 143 3.145556
171 86 171 3.141123
171 86 199 3.136785
171 86 227 3.172778
171 86 256 3.131795
171 114 2 3.131768
171 114 30 3.125550
171 114 58 3.112763
171 114 86 3.125241
171 114 114 3.128774
171 114 143 3.146275
171 114 171 3.130929
171 114 199 3.135998
171 114 227 3.155526
171 114 256 3.129367
171 143 2 3.122472
171 143 30 3.137458
171 143 58 3.129107
171 143 86 3.155797
171 143 114 3.164723
171 143 143 3.137262
171 143 171 3.126180
171 143 199 3.117621
171 143 227 3.120927
171 143 256 3.111145
171 171 2 3.121038
171 171 30 3.107722
171 171 58 3.112180
171 171 86 3.169633
171 171 114 3.169394
171 171 143 3.112718
171 171 171 3.127557
171 171 199 3.133610
171 171 227 3.127603
171 171 256 3.135169
171 199 2 3.129327
171 199 30 3.142848
171 199 58 3.222629
171 199 86 3.146569
171 199 114 3.145053
171 199 143 3.181752
171 199 171 3.140666
171 199 199 3.131060
171 199 227 3.122802
171 199 256 3.118515
171 227 2 3.125036
171 227 30 3.112449
171 227 58 3.098720
171 227 86 3.122741
171 227 114 3.100939
171 227 143 3.126592
171 227 171 3.109220
171 227 199 3.108196
171 227 227 3.115697
171 227 256 3.091377
171 256 2 3.097067
171 256 30 3.085917
171 256 58 3.113732
171 256 86 3.089723
171 256 114 3.091313
171 256 143 3.106302
171 256 171 3.095326
171 256 199 3.086478
171 256 227 3.095489
171 256 256 3.097273
199 2 2 3.736692
199 2 30 3.529172
199 2 58 3.469305
199 2 86 3.452496
199 2 114 3.486679
199 2 143 3.497710
199 2 171 3.546364
199 2 199 3.465243
199 2 227 3.442090
199 2 256 3.422606
199 30 2 3.193862
199 30 30 3.114333
199 30 58 3.109060
199 30 86 3.105828
199 30 114 3.124723
199 30 143 3.138063
199 30 171 3.125176
199 30 199 3.129472
199 30 227 3.136707
199 30 256 3.103794
199 58 2 3.120712
199 58 30 3.103369
199 58 58 3.088572
199 58 86 3.088412
199 58 114 3.122346
199 58 143 3.099660
199 58 171 3.121683
199 58 199 3.117969
199 58 227 3.109179
199 58 256 3.109042
199 86 2 3.119061
199 86 30 3.127698
199 86 58 3.148171
199 86 86 3.131491
199 86 114 3.133869
199 86 143 3.132015
199 86 171 3.138479
199 86 199 3.134095
199 86 227 3.138224
199 86 256 3.133722
199 114 2 3.137280
199 114 30 3.122678
199 114 58 3.110653
199 114 86 3.134033
199 114 114 3.121730
199 114 143 3.125067
199 114 171 3.131383
199 114 199 3.124692
199 114 227 3.135581
199 114 256 3.147917
199 143 2 3.159891
199 143 30 3.105299
199 143 58 3.111673
199 143 86 3.106440
199 143 114 3.115103
199 143 143 3.120091
199 143 171 3.115782
199 143 199 3.111995
199 143 227 3.120797
199 143 256 3.121877
199 171 2 3.119955
199 171 30 3.101123
199 171 58 3.102635
199 171 86 3.101536
199 171 114 3.106390
199 171 143 3.110252
199 171 171 3.104172
199 171 199 3.106231
199 171 227 3.108948
199 171 256 3.100145
199 199 2 3.119418
199 199 30 3.091798
199 199 58 3.091835
199 199 86 3.108870
199 199 114 3.115376
199 199 143 3.108304
199 199 171 3.096393
199 199 199 3.090283
199 199 227 3.101820
199 199 256 3.092221
199 227 2 3.104000
199 227 30 3.090316
199 227 58 3.101280
199 227 86 3.141641
199 227 114 3.109292
199 227 143 3.148929
199 227 171 3.110839
199 227 199 3.118195
199 227 227 3.164834
199 227 256 3.127594
199 256 2 3.172908
199 256 30 3.101883
199 256 58 3.092821
199 256 86 3.124041
199 256 114 3.100324
199 256 143 3.128791
199 256 171 3.097451
199 256 199 3.100109
199 256 227 3.101895
199 256 256 3.113430
227 2 2 3.724828
227 2 30 3.523829
227 2 58 3.466011
227 2 86 3.463079
227 2 114 3.461810
227 2 143 3.462580
227 2 171 3.434068
227 2 199 3.447203
227 2 227 3.467231
227 2 256 3.433054
227 30 2 3.186424
227 30 30 3.112663
227 30 58 3.114864
227 30 86 3.108493
227 30 114 3.104122
227 30 143 3.109156
227 30 171 3.133500
227 30 199 3.124977
227 30 227 3.138503
227 30 256 3.100290
227 58 2 3.091628
227 58 30 3.086329
227 58 58 3.079104
227 58 86 3.104193
227 58 114 3.101533
227 58 143 3.090697
227 58 171 3.135986
227 58 199 3.135322
227 58 227 3.167846
227 58 256 3.109311
227 86 2 3.177142
227 86 30 3.180640
227 86 58 3.175315
227 86 86 3.207536
227 86 114 3.185852
227 86 143 3.142341
227 86 171 3.131442
227 86 199 3.142888
227 86 227 3.130262
227 86 256 3.147071
227 114 2 3.135880
227 114 30 3.150340
227 114 58 3.140007
227 114 86 3.124197
227 114 114 3.128221
227 114 143 3.127820
227 114 171 3.108233
227 114 199 3.125273
227 114 227 3.123957
227 114 256 3.131852
227 143 2 3.134943
227 143 30 3.152042
227 143 58 3.163394
227 143 86 3.111176
227 143 114 3.118105
227 143 143 3.113136
227 143 171 3.113396
227 143 199 3.110060
227 143 227 3.127773
227 143 256 3.143678
227 171 2 3.105887
227 171 30 3.118808
227 171 58 3.110314
227 171 86 3.128783
227 171 114 3.114748
227 171 143 3.116449
227 171 171 3.111001
227 171 199 3.117449
227 171 227 3.118160
227 171 256 3.129641
227 199 2 3.179404
227 199 30 3.116493
227 199 58 3.129693
227 199 86 3.115520
227 199 114 3.114706
227 199 143 3.114940
227 199 171 3.116706
227 199 199 3.109343
227 199 227 3.099311
227 199 256 3.101044
227 227 2 3.122031
227 227 30 3.094728
227 227 58 3.119045
227 227 86 3.123600
227 227 114 3.105186
227 227 143 3.115911
227 227 171 3.112869
227 227 199 3.105631
227 227 227 3.102185
227 227 256 3.108025
227 256 2 3.117788
227 256 30 3.102408
227 256 58 3.116309
227 256 86 3.103989
227 256 114 3.109428
227 256 143 3.108387
227 256 171 3.094144
227 256 199 3.104946
227 256 227 3.108155
227 256 256 3.103065
256 2 2 3.768914
256 2 30 3.597658
256 2 58 3.481036
256 2 86 3.488970
256 2 114 3.514898
256 2 143 3.454987
256 2 171 3.480260
256 2 199 3.452765
256 2 227 3.442233
256 2 256 3.441492
256 30 2 3.124335
256 30 30 3.119918
256 30 58 3.123717
256 30 86 3.092363
256 30 114 3.138331
256 30 143 3.115844
256 30 171 3.118490
256 30 199 3.120747
256 30 227 3.141667
256 30 256 3.265648
256 58 2 3.106287
256 58 30 3.108778
256 58 58 3.097044
256 58 86 3.089941
256 58 114 3.119909
256 58 143 3.110321
256 58 171 3.109486
256 58 199 3.095496
256 58 227 3.119313
256 58 256 3.159857
256 86 2 3.137149
256 86 30 3.121447
256 86 58 3.161705
256 86 86 3.140744
256 86 114 3.152178
256 86 143 3.178962
256 86 171 3.210973
256 86 199 3.162054
256 86 227 3.126637
256 86 256 3.170891
256 114 2 3.154539
256 114 30 3.137314
256 114 58 3.165228
256 114 86 3.145964
256 114 114 3.137380
256 114 143 3.143774
256 114 171 3.162333
256 114 199 3.142438
256 114 227 3.197023
256 114 256 3.175765
256 143 2 3.153500
256 143 30 3.136028
256 143 58 3.144050
256 143 86 3.119975
256 143 114 3.127066
256 143 143 3.120277
256 143 171 3.122576
256 143 199 3.121791
256 143 227 3.109363
256 143 256 3.126397
256 171 2 3.112979
256 171 30 3.105814
256 171 58 3.104142
256 171 86 3.114098
256 171 114 3.111183
256 171 143 3.107296
256 171 171 3.121643
256 171 199 3.116799
256 171 227 3.112560
256 171 256 3.116197
256 199 2 3.102433
256 199 30 3.096506
256 199 58 3.105831
256 199 86 3.112138
256 199 114 3.112994
256 199 143 3.102323
256 199 171 3.106256
256 199 199 3.115025
256 199 227 3.096792
256 199 256 3.097982
256 227 2 3.108351
256 227 30 3.109562
256 227 58 3.116819
256 227 86 3.096560
256 227 114 3.106555
256 227 143 3.097732
256 227 171 3.103980
256 227 199 3.106354
256 227 227 3.172086
256 227 256 3.105934
256 256 2 3.105418
256 256 30 3.108282
256 256 58 3.098516
256 256 86 3.106989
256 256 114 3.115811
256 256 143 3.106209
256 256 171 3.096442
256 256 199 3.104944
256 256 227 3.092290
256 256 256 3.109628
